299
184.837  450.073  238.082  454.728
346.958  500.157  385.447  482.444
126.197  242.868  197.133  246.961
316.724  158.994  320.846  156.826
338.654  416.676  344.797  407.66
319.195  293.534  320.509  288.721
131.306  217.384  172.519  221.318
221.29  519.934  295.589  515.895
182.11  196.893  233.841  198.238
226.905  201.658  260.69  201.498
289.145  458.945  320.84  452.268
224.67  193.511  261.491  193.485
266.51  135.493  299.411  135.277
243.821  186.295  271.733  185.63
228.074  178.483  261.404  178.334
177.64  450.794  234.654  455.814
183.118  193.869  234.375  195.234
289.007  142.262  309.886  141.387
302.591  390.93  313.731  385.977
300.358  124.216  331.058  124.216
308.488  471.259  343.382  460.934
222.549  220.896  256.703  221.016
220.665  221.859  256.107  222.041
358.883  452.921  366.914  440.081
225.802  84.6767  249.521  84.5562
304.138  312.836  312.117  308.652
232.895  179.938  265.996  179.56
237.147  214.756  267.016  214.36
234.943  200.907  268.293  200.618
252.198  222.239  275.648  221.28
237.256  201.786  268.089  201.434
218.957  203.563  254.51  203.859
197.982  223.008  240.64  224.142
275.329  231.012  293.491  228.725
203.454  149.018  247.187  149.871
229.809  193.044  264.926  193.004
232.449  219.246  267.575  218.621
224.613  202.074  258.145  201.824
302.579  386.662  313.429  381.895
202.065  505.738  274.472  505.451
362.254  440.701  370.193  428.008
217.537  203.584  252.539  203.561
139.744  447.91  205.122  456.625
220.438  204.81  254.067  205.142
216.22  204.882  252.948  204.877
261.531  166.014  279.5  165.258
207.49  86.5394  230.912  86.5516
131.663  218.962  172.979  222.684
308.828  80.6305  309.48  80.0414
304.706  252.641  311.92  249.31
326.829  133.941  340.647  132.447
252.03  435.982  287.423  434.257
334.278  229.497  333.306  225.357
271.252  154.617  290.24  153.918
158.362  448.967  218.844  456.469
341.326  139.693  341.57  138.03
141.535  171.783  176.387  173.59
125.9  342.197  188.097  349.882
306.222  154.079  316.542  152.679
277.497  227.046  294.913  225.221
332.862  142.159  338.09  139.955
231.737  220.107  264.61  219.385
179.968  204.868  229.094  206.741
199.267  444.734  248.036  448.353
225.029  224.853  259.442  225.134
312.95  125.853  336.486  125.004
229.4  207.852  263.054  207.987
204.749  445.528  252.404  447.808
324.899  484.039  355.569  471.421
159.413  448.883  218.844  456.469
353.598  175.7  352.881  171.815
313.849  127.318  336.487  126.346
186.849  226.076  233.251  227.104
161.706  200.54  218.212  202.218
231.07  220.999  263.48  221.096
225.173  211.162  259.185  211.497
219.944  371.185  256.18  371.916
229.56  219.612  263.431  219.761
236.229  224.556  267.033  224.475
226.452  193.046  263.019  193.392
209.416  225.669  248.463  226.662
270.718  159.877  289.362  159.265
139.947  375.637  193.605  383.129
221.418  198.418  258.706  198.956
275.099  67.4848  259.328  66.0241
329.28  250.475  328.528  245.318
234.48  213.261  265.304  213.339
370.817  457.292  380.517  442.947
309.495  141.866  318.812  140.887
157.814  462.016  228.801  468.408
181.581  194.37  232.635  196.249
290.212  234.218  304.854  231.932
350.11  127.523  362.815  125.921
290.147  191.085  305.624  189.522
196.806  223.7  240.544  225.26
198.952  507.317  276.531  506.873
236.381  445.207  278.899  444.856
323.692  172.718  322.67  170.554
207.8  361.538  224.977  365.307
139.352  445.659  205.848  454.983
243.184  439.463  290.471  436.236
285.826  209.522  301.656  206.662
320.015  221.044  318.451  216.841
371.097  456.923  379.784  441.589
332.038  226.486  331.311  222.82
326.023  188.466  329.061  185.944
193.71  222.434  233.523  224.296
295.765  162.731  306.827  161.625
278.602  195.298  295.907  192.838
316.874  495.425  356.717  483.188
188.724  205.577  235.419  206.102
343.895  146.524  344.231  144.947
270.475  258.589  229.712  258.306
206.026  484.652  270.947  485.436
219.722  412.588  256.214  413.668
233.176  428.459  268.475  429.617
192.717  448.729  246.12  451.516
298.601  226.238  312.446  223.888
163.689  450.093  223.153  457.438
233.949  218.508  263.365  217.398
297.56  507.526  342.674  497.313
244.246  454.815  287.551  453.474
302.948  154.207  312.501  153.242
233.095  217.797  265.776  218.14
248.602  142.238  287.195  141.498
365.32  133.071  363.321  131.902
354.373  163.389  353.414  161.139
290.064  221.15  303.001  219.38
258.932  443.346  294.92  439.507
342.641  418.459  348.713  409.728
315.667  507.942  355.559  495.807
219.482  392.087  255.762  392.774
362.001  146.294  355.817  144.493
324.927  163.697  328.252  162.07
317.424  158.095  321.854  156.776
257.863  141.761  291.672  140.716
355.117  159.705  353.644  157.613
152.32  465.907  223.69  473.475
299.489  380.948  309.749  375.568
216.733  429.406  256.597  430.504
324.213  199.804  325.541  197.297
295.12  153.375  307.497  152.732
308.935  378.082  318.628  371.708
278.24  226.477  295.49  225.162
165.516  461.596  232.317  467.95
183.259  195.242  234.731  195.643
272.909  503.46  325.441  496.108
231.07  220.999  263.76  221.582
373.448  455.652  384.894  439.222
359.648  449.577  367.105  437.841
302.631  392.372  313.809  386.389
280.888  226.371  296.991  225.023
268.268  135.459  305.557  134.473
364.262  132.974  362.023  131.979
245.494  454.458  287.624  453.364
382.069  461.343  392.649  443.555
297.049  165.117  308.752  162.337
320.038  195.494  323.959  193.333
263.138  202.175  284.405  201.778
176.832  480.245  250.007  484.295
348.159  433.107  354.989  423.491
307.446  126.884  334.425  125.509
352.972  433.275  362.475  422.603
190.941  201.928  238.167  201.974
317.349  294.923  318.679  289.181
343.443  218.122  339.218  212.562
140.566  459.212  212.396  468.439
321.279  152.179  326.689  151.229
245.456  499.777  293.95  497.908
316.305  294.947  318.679  289.181
304.898  254.197  311.477  249.501
130.804  190.409  164.925  194.589
335.033  492.931  369.592  479.272
262.869  429.01  290.169  427.851
328.055  187.877  329.895  185.792
233.984  215.536  263.437  214.033
270.401  179.308  289.324  179.088
374.577  504.774  326.749  500.757
284.784  480.656  329.239  471.077
349.461  155.284  347.808  153.744
315.349  495.278  355.047  483.833
285.393  503.034  335.7  494.313
189.673  474.327  255.992  477.716
313.573  292.231  321.769  288.586
354.521  133.261  351.987  132.498
195.917  482.256  261.631  484.928
123.698  440.406  191.243  452.154
127.211  302.948  189.962  307.686
221.605  219.581  255.662  218.424
303.667  416.765  315.768  410.142
378.34  98.9488  368.319  99.4581
366.657  145.691  360.024  144.289
270.969  494.945  326.873  487.689
152.32  465.907  223.617  473.913
318.172  494.742  356.717  483.188
282.775  120.067  323.553  119.314
235.238  439.048  274.325  440.072
219.633  415.174  256.186  415.689
241.076  445.621  285.07  445.139
262.233  142.322  293.978  140.67
303.815  418.302  315.897  411.525
254.98  504.156  314.211  498.912
262.29  497.314  318.219  491.568
281.835  189.803  298.371  186.588
168.638  307.275  211.58  312.827
320.764  256.703  320.674  253.815
192.346  480.983  259.124  484.255
137.101  385.045  190.746  392.24
348.155  425.62  356.533  416.362
370.02  109.079  360.926  109.337
318.192  255.936  318.83  253.248
268.849  260.573  228.795  259.62
333.04  437.151  340.053  429.992
181.128  193.922  232.296  196.801
381.961  128.498  380.656  128.319
283.024  227.469  299.258  226.636
348.201  142.832  346.108  142.18
348.266  430.32  355.98  421.191
189.366  502.351  266.558  504.592
383.753  468.092  394.969  452.342
366.265  451.14  376.302  438.692
347.888  142.776  346.108  142.18
285.381  510.075  334.573  498.649
242.925  504.845  306.654  500.998
333.784  138.735  279.102  136.605
238.949  505.077  303.355  501.768
340.471  222.179  340.187  219.339
309.697  293.226  315.101  290.613
290.945  129.523  326.485  127.711
315.842  197.749  322.321  192.932
326.605  209.352  328.392  207.47
138.344  484.036  219.381  489.814
321.072  317.322  322.396  310.246
328.963  260.16  328.121  253.52
235.798  517.268  312.363  508.39
134.284  499.693  218.951  509.656
153.496  384.336  202.309  389.749
330.189  167.153  331.419  166.396
348.75  510.814  372.511  497.48
295.765  162.731  306.984  163.008
302.691  393.881  313.832  386.776
165.78  505.003  250.106  510.211
303.725  174.142  312.926  174.047
134.27  499.368  218.983  509.518
152.943  474.657  225.823  479.111
145.57  500.414  228.459  509.138
141.219  495.178  224.134  504.465
178.32  485.384  251.551  490.456
389.611  493.157  402.5  475.879
255.636  500.871  313.797  496.568
392.032  488.534  404.704  471.094
131.493  511.122  218.732  521.689
379.101  150.839  374.524  145.661
141.514  194.255  179.666  199.344
134.446  499.237  219.348  509.511
133.561  505.983  219.828  516.338
167.405  483.118  242.269  489.732
104.151  454.48  143.545  475.349
275.005  66.1276  262.093  66.7662
236.554  212.753  265.617  214.65
342.899  453.9  359.722  444.423
391.45  486.361  400.684  470.007
337.355  209.5  336.023  207.912
125.039  502.509  211.546  514.28
168.793  481.337  243.136  487.937
273.916  498.64  333.869  491.338
181.517  502.038  234.487  506.094
369.918  450.319  378.79  438.465
134.078  505.702  220.454  516.171
330.641  178.003  331.734  172.48
245.215  501.363  279.131  503.888
150.041  459.689  196.252  468.195
341.863  420.689  345.214  408.901
230.981  157.991  292.73  155.808
386.78  472.29  398.996  456.858
161.34  514.574  248.275  520.826
337.068  174.679  336.189  174.326
201.603  477.791  268.318  480.961
286.447  235.996  299.663  236.172
266.443  271.505  289.72  266.568
179.175  509.318  262.515  513.344
149.17  510.03  236.925  518.184
265.236  83.9929  253.754  85.0542
313.648  226.21  319.166  219.647
139.433  522.757  229.101  526.474
374.209  110.584  373.97  112.914
128.467  187.861  160.868  194.098
106.969  366.113  167.109  373.325
331.661  223.987  330.404  216.622
322.382  492.353  357.367  476.249
276.748  498.529  324.357  493.973
279.542  63.9993  259.663  65.1729
160.837  507.99  247.954  514.853
328.547  174.695  330.069  175.29
209.225  503.304  280.423  505.419
335.967  243.886  333.964  242.698
368.875  478.844  386.922  465.871
377.256  484.224  399.216  469.071
353.113  170.92  352.055  163.206
